471887 546396 523048 517075 503699 503450 483321 479418 469506 467515 467274 465298 19785 457510 411037 396419 388582 386257 189015 179473 367012 276261 335770 326097 319876 319862 316593 301902 291906 53437 285457 283466 277695 181310 267799 256170 248451 244759 230029 225089 225086 225085 218621 85462 212906 207292 180663 194571 194504 192242
191991 191127 191110 190992 190816 189844 189825 189589 189550 188565 188490 188480 188470 187491 187084 186986 186942 148917 185369 185208 185117 73951 183874 183852 182287 182134 182131 181932 181894 181279 181482 181386 181380 180909 180879 180838 180803 180780 180771 179999 180277 180100 180041 180040 179917 180026 179881 179816 179796 179714
179452 179441 179426 179176 178642 178473 177898 177890 177822 177796 177697 177656 174229 170071 167264 166011 166064 166646 167186 165787 165816 165315 164857 162631 161916 160060 157963 142804 156371 156195 155057 153298 153127 152236 147715 151922 151731 151678 101748 151662 151657 150883 150586 150348 149888 81700 149834 149707 149665 149105
149058 148553 148548 148547 148485 27160 147709 90675 146625 146498 16576 145299 144983 142797 142781 142646 142182 142180 141351 141199 140990 140986 140384 139817 138853 138765 138500 136911 136148 124242 123530 123254 122236 122091 121351 120676 120467 119715 119659 119542 118333 118290 117028 116501 116326 116204 114766 114549 114528 114527
114097 114093 114016 113912 113504 113197 112765 112762 112748 110540 110528 106041 105790 105339 105180 105077 104717 104707 104641 104560 104508 104479 104464 104119 104008 103774 103564 103548 103451 103314 103218 103195 102229 101961 101747 101742 101717 101702 101689 101667 101602 101496 101340 101339 100691 100397 100280 100263 100258 100184
100019 99951 99529 99360 99351 99089 99085 98188 98167 98141 97344 97309 96746 96325 96261 95967 95654 95104 94616 94393 94304 93760 93621 93543 93215 93207 92680 92355 92350 92114 92107 92095 91723 91666 91480 91284 90976 90521 90330 90076 89884 89526 89524 89303 88490 88333 88329 88326 88304 88301
87734 87682 87668 87664 87544 87478 87163 87156 86902 86744 86445 85985 85831 85815 85811 85799 85787 85722 85701 85637 85605 85574 85528 85450 85395 85151 84925 84855 84723 84606 84580 84323 84120 83596 83520 83478 83458 83448 81708 81701 81298 81186 81063 81059 80752 80736 80391 80195 80102 80081
79959 79828 79817 79699 79036 79000 78895 78726 78721 78718 78573 78299 78294 78255 78022 77909 77860 77740 77736 77596 77387 77371 77370 77307 77198 76898 76726 76599 76590 76589 76188 75824 75807 75805 75772 75483 75403 74917 74883 74770 74760 74731 74531 74526 74465 74155 74133 73891 73847 73838
73715 73706 73674 73555 73479 73142 73094 73089 72574 68284 67951 66225 65957 65758 65748 63868 62618 62465 62154 61930 60163 59743 59734 59680 59675 59647 59607 59592 59556 59553 59543 59524 59462 59430 57749 57464 57391 57389 57335 57316 57258 54752 54446 53177 52902 52537 52351 52158 52135 52109
51868 51827 51635 51500 51416 51273 51015 50967 50809 50756 50664 50635 50632 50625 50535 50412 50323 50129 50124 50038 49981 49818 49808 49668 49594 49524 49510 49442 49343 49189 49183 49119 49118 49089 49085 48968 48952 48947 48946 48788 48759 48669 48666 48651 48577 48560 48410 48199 48108 48047
48025 47959 47894 47873 47846 47735 47723 47711 47498 47189 47177 47175 47154 47141 47129 46832 46723 46717 46692 46588 46348 46154 45923 45901 45882 45871 45835 45723 45718 45700 45696 45683 45460 45334 45208 45113 45026 45008 45001 44994 44970 44890 44878 44869 44867 44774 44753 44728 44703 44701
44649 44618 44617 44573 44383 44333 44319 44170 44133 44085 44073 43946 43904 43625 43493 43489 43480 43463 43444 43435 43272 43228 43220 43210 43152 42879 42866 42863 42862 42778 42641 42543 42524 42445 42399 42298 42225 42180 42179 42136 42135 42125 41973 41921 41895 41894 41892 41885 41861 41842
41829 41815 41776 41743 41694 41683 41585 41524 41522 41437 41414 41316 41313 41311 41310 41308 41307 41306 41302 41301 41300 41299 41295 41125 41120 41095 41053 41048 40879 40808 40807 40803 40802 40776 40612 40604 40502 40483 40435 40419 40414 40402 40392 40335 40328 40327 40284 40262 40101 40089
40088 40040 39983 39960 39899 39829 39761 39703 39612 39574 39572 39440 39167 39149 38875 38834 38800 38710 38454 38436 38410 38394 38064 38048 38027 38015 38013 37857 37848 37818 37771 37682 37621 37615 37614 37604 37520 37493 37391 37376 37360 37302 37167 37088 37068 37048 36981 36982 36970 36957
36875 36866 36735 36728 36724 36688 36496 36486 36476 36473 36415 36361 36313 36294 36202 36174 36125 36089 36066 36062 36026 35979 35978 35967 35932 35881 35833 35786 35766 35739 35646 35499 35495 35467 35340 35334 35325 35303 35287 35283 35270 35185 35171 35162 35118 35058 35037 34936 34937 34935
34929 34920 34818 34808 34584 34547 34534 34326 34275 34158 34156 34063 34037 34017 33939 33866 33864 33819 33770 33746 33690 33661 33641 33617 33550 33501 33381 33351 33321 33272 33265 33006 32937 32912 32884 32849 32825 32803 32801 32710 32703 32691 32685 32674 32662 32637 32604 32601 32537 32514
32432 32400 32372 32367 32288 32266 32264 32237 32235 32166 32122 32098 32086 32080 32030 32014 32008 32007 32005 31955 31921 31875 31833 31805 31728 31725 31724 31722 31659 31647 31640 31590 31284 31279 31278 31243 31230 31157 31078 31059 31018 30973 30962 30921 30913 30910 30886 30846 30767 30697
30681 30647 30628 30622 30568 30566 30530 30515 30513 30512 30504 30503 30502 30500 30498 30497 30481 30393 30389 30372 30247 30156 30144 30143 30141 30139 30140 30133 30132 30126 30098 30060 30000 29968 29956 29948 29945 29889 29871 29835 29790 29750 29746 29739 29734 29727 29716 29715 29700 29690
29671 29616 29613 29515 29442 29443 29408 29386 29320 29312 29309 29282 29223 29085 29059 29048 28985 28957 28897 28884 28846 28736 28667 28665 28603 28602 28598 28583 28570 28546 28516 28367 28344 28314 28256 28253 28240 28213 28210 28209 28187 28159 28147 28108 28066 28028 27908 27891 27888 27878
27867 27853 27847 27825 27811 27799 27782 27775 27720 27712 27663 27588 27585 27493 27385 27357 27340 27306 27305 27262 27249 27203 27181 27133 27118 27111 27021 27019 26997 26968 26954 26938 26836 26832 26797 26769 26757 26725 26638 26437 26436 26421 26309 26300 26289 26287 26264 26248 26223 26182
26145 26142 26118 26117 26092 25967 25927 25900 25786 25778 25773 25771 25701 25696 25664 25652 25629 25490 25489 25474 25471 25434 25210 25207 25191 25112 25096 25031 25030 25021 24938 24917 24874 24782 24779 24767 24764 24738 24710 24636 24632 24603 24602 24548 24546 24528 24511 24509 24484 24475
24470 24439 24370 24316 24281 24279 24261 24260 24259 24215 24038 24028 24027 23978 23889 23872 23859 23858 23784 23782 23781 23750 23693 23669 23570 23549 23415 23413 23405 23392 23294 23248 23233 23222 23220 23208 23197 23160 23134 23111 23067 23017 22969 22967 22965 22964 22953 22941 22886 22876
22862 22859 22856 22789 22785 22784 22768 22664 22661 22501 22495 22491 22405 22367 22319 22263 22225 22147 22111 22102 22099 22000 21940 21921 21907 21900 21884 21823 21820 21607 21523 21520 21451 21380 21354 21347 21332 21234 21204 21167 21162 21159 21055 21046 21044 21038 20899 20888 20734 20733
20730 20708 20680 20621 20586 20546 20531 20497 20428 20412 20389 20361 20302 20278 20164 20150 20124 19997 19886 19863 19860 19817 19777 19775 19699 19693 19689 19676 19665 19663 19655 19650 19643 19619 19606 19592 19590 19565 19544 19541 19536 19498 19475 19453 19448 19447 19444 19443 19440 19437
19385 19335 19320 19239 19099 19078 19073 19041 19020 19005 18988 18986 18959 18900 18834 18816 18607 18606 18602 18598 18595 18592 18590 18586 18584 18585 18583 18566 18561 18556 18523 18499 18472 18452 18418 18393 18382 18316 18307 18300 18299 18260 18211 18194 18164 18158 18151 18133 18131 18120
18109 18053 17996 17886 17863 17782 17718 17714 17678 17676 17674 17665 17599 17593 17571 17567 17560 17559 17529 17455 17366 17348 17344 17343 17340 17279 17243 17207 17144 17136 17135 17089 17066 17063 17062 17043 16931 16930 16919 16899 16886 16872 16843 16818 16817 16788 16787 16774 16771 16767
16768 16750 16675 16672 16670 16664 16580 16575 16525 16524 16523 16521 16437 16427 16397 16362 16333 16322 16312 16302 16273 16239 16222 16197 16167 16130 16095 16057 16049 16044 15997 15973 15964 15953 15937 15842 15834 15810 15793 15743 15725 15723 15719 15571 15563 15531 15530 15528 15482 15464
15454 15384 15383 15297 15265 15187 15183 15165 15102 15048 15034 15007 14990 14964 14963 14893 14887 14883 14841 14787 14739 14697 14669 14668 14665 14657 14656 14599 14528 14517 14488 14468 14432 14248 14246 14184 14176 14171 14063 14039 13905 13859 13846 13831 13798 13775 13751 13603 13597 13501
13492 13474 13473 13462 13448 13436 13435 13386 13349 13343 13315 13298 13297 13294 13276 13264 13172 13169 13158 13131 13130 13129 13036 13027 13022 13005 12966 12961 12956 12933 12918 12883 12766 12641 12626 12529 12524 12473 12452 12448 12438 12419 12412 12366 12365 12334 12263 12262 12232 12194
12126 12090 12088 12039 11962 11892 11877 11774 11766 11686 11655 11598 11594 11595 11593 11592 11589 11588 11586 11583 11580 11575 11563 11562 11415 11409 11392 11389 11333 11331 11320 11319 11296 11279 11250 11236 11179 11156 11145 11072 11048 11004 11002 10942 10938 10921 10906 10881 10769 10683
10653 10547 10529 10494 10444 10435 10432 10395 10361 10357 10288 10271 10198 10187 10168 10154 10146 10087 10037 10002 9906 9884 9831 9772 9713 9692 9690 9652 9620 9591 9541 9163 9148 9013 8866 8846 8775 8772 8761 8750 8723 8692 8683 8663 8627 8614 8550 8536 8482 8466
8346 8335 8333 8332 8329 8291 8118 8038 7949 7839 7832 7825 7774 7746 7701 7660 7656 7642 7551 7540 7506 7463 7455 7388 7386 7340 7339 7321 7266 7259 7254 7238 7232 7206 7205 7202 7096 7035 7034 7023 7021 6947 6932 6901 6889 6848 6834 6815 6806 6776
6745 6742 6737 6690 6628 6606 6600 6594 6518 6504 6500 6464 6452 6450 6448 6444 6400 6384 6351 6304 6265 6243 6213 6197 6177 6175 6167 6153 6030 6012 5989 5904 5892 5820 5808 5803 5795 5697 5639 5613 5557 5503 5380 5364 5294 5276 5273 5229 5224 5212
5148
